 $DATA  
Acetaldehyde, bare, for hydration thermodynamic cycle -- SMD variant            
C1       0
H           1.0      3.6657610174      0.0379901068     -0.0941132260
   N21     6
   P       1
     1              1.1000000000  1.00000000
        
C           6.0      2.7591011479      0.5767279012     -0.3981699059
   N21     6
   L       1
     1              0.0438000000  1.00000000  1.00000000
        
C           6.0      2.9710403081      1.1516003370     -1.7596418654
   N21     6
   L       1
     1              0.0438000000  1.00000000  1.00000000
        
O           8.0      2.8739948527      2.3752059029     -2.0189413055
   N21     6
   L       1
     1              0.0845000000  1.00000000  1.00000000
        
H           1.0      2.5142723904      1.3505311539      0.3310375804
   N21     6
   P       1
     1              1.1000000000  1.00000000
        
H           1.0      1.9556269459     -0.1693470907     -0.4461844260
   N21     6
   P       1
     1              1.1000000000  1.00000000
        
H           1.0      3.2280176124      0.4557155267     -2.5684948527
   N21     6
   P       1
     1              1.1000000000  1.00000000
        
 $END      
 $ZMAT   IZMAT(1)=
         1,   1,   2,
         1,   2,   3,
         1,   2,   5,
         1,   2,   6,
         1,   3,   7,
         1,   3,   4,
         2,   1,   2,   6,
         2,   1,   2,   3,
         2,   1,   2,   5,
         2,   2,   3,   7,
         2,   2,   3,   4,
         2,   3,   2,   6,
         2,   3,   2,   5,
         2,   4,   3,   7,
         2,   5,   2,   6,
         3,   1,   2,   3,   4,
         3,   1,   2,   3,   7,
         3,   4,   3,   2,   5,
         3,   4,   3,   2,   6,
         3,   5,   2,   3,   7,
         3,   6,   2,   3,   7,
 $END
-------------------- DATA FROM NSERCH=   0 --------------------
 COORDINATES OF SYMMETRY UNIQUE ATOMS (ANGS)
   ATOM   CHARGE       X              Y              Z
 ------------------------------------------------------------
 H           1.0   3.6657610174   0.0379901068  -0.0941132260
 C           6.0   2.7591011479   0.5767279012  -0.3981699059
 C           6.0   2.9710403081   1.1516003370  -1.7596418654
 O           8.0   2.8739948527   2.3752059029  -2.0189413055
 H           1.0   2.5142723904   1.3505311539   0.3310375804
 H           1.0   1.9556269459  -0.1693470907  -0.4461844260
 H           1.0   3.2280176124   0.4557155267  -2.5684948527
